[-400
-350
-300
-250
-200
-150
-100
-50
0
50
100
150
200
250
300
350
400]
Left data:
-0.5035257775539033
-0.4025133720444853
-0.33148435719327984
-0.2583161324973717
-0.18081123897496906
-0.10768436541804309
-0.025862713911643454
0.0
0.0
0.0
0.012915042467175631
0.08178449676670245
0.17220025253770846
0.24753588286607378
0.32100111065200365
0.39390489544966506
0.4912413466400833
Right data:
-0.49352244679045487
-0.40472931943356744
-0.33366409926874474
-0.2628215611585417
-0.18941493701645065
-0.10329167352826349
-0.03448366777265078
0.0
0.0
0.0
0.03877912492214187
0.10986295254675946
0.18941786240367178
0.2583675397191806
0.3314896344059142
0.4004248302718481
0.49509199928733105



-0.5035257775539033
-0.4025133720444853
-0.33148435719327984
-0.2583161324973717
-0.18081123897496906
-0.10768436541804309
-0.025862713911643454
0.0
0.0
0.0
0.012915042467175631
0.08178449676670245
0.17220025253770846
0.24753588286607378
0.32100111065200365
0.39390489544966506
0.4912413466400833]
